    756 23
    605 1433
    512 3389
    218 3306
    214 5060
    204 40612
    166 5900
    157 25
    122 161
    114 3128
    111 21
    110 4899
     98 123
     90 5000
     80 135
     77 21320
     75 1434
     74 110
     71 19
     64 993
     62 8443
     61 389
     59 143
     57 9050
     57 8888
     57 1984
     57 137
     56 1080
     55 8140
     55 5432
     55 1514
     54 69
     54 6379
     54 61613
     54 465
     54 4000
     53 138
     52 902
     52 1521
     51 995
     51 6667
     50 9462
     49 5984
     46 1900
     43 513
     37 8088
     34 32764
     30 10073
     29 80
     29 17
     25 1723
     23 5631
     22 5038
     22 2222
     21 8081
     17 5901
     15 22196
     15 15827
     15 12349
     14 8009
     13 8085
     13 7778
     13 14805
     13 102
     12 8000
     12 27017
     11 9999
     11 808
     11 623
     10 9944
     10 5353
     10 0
      9 9200
      9 9000
      9 81
      9 7001
      8 9090
      8 8090
      8 5985
      8 119
      7 5986
      7 47808
      7 28017
      7 2083
      7 15
      6 9080
      6 8022
      6 7777
      6 502
      6 5001
      6 222
      6 20000
      6 1471
      6 13
      5 9981
      5 992
      5 8333
      5 79
      5 6588
      5 5902
      5 57867
      5 5560
      5 40044
      5 1191
      4 8123
      4 7071
      4 5070
      4 4911
      4 48946
      4 44818
      4 3391
      4 3390
      4 2967
      4 27977
      4 2323
      4 1911
      4 1175
      4 1023
      3 999
      3 8181
      3 8082
      3 5906
      3 5903
      3 555
      3 52812
      3 5080
      3 5061
      3 444
      3 4028
      3 3702
      3 333
      3 2
      3 1720
      3 11
      2 9943
      2 9527
      2 9100
      2 888
      2 873
      2 8091
      2 8001
      2 666
      2 63000
      2 5979
      2 5909
      2 5905
      2 5904
      2 587
      2 57413
      2 5641
      2 5633
      2 5632
      2 5577
      2 5351
      2 5069
      2 5068
      2 5067
      2 5065
      2 5064
      2 5063
      2 5062
      2 31663
      2 3138
      2 30810
      2 226
      2 22545
      2 22222
      2 21573
      2 21329
      2 2086
      2 2082
      2 2014
      2 18080
      2 1755
      2 17185
      2 1166
      2 1000
      1 9995
      1 9991
      1 9848
      1 9828
      1 9817
      1 9811
      1 9797
      1 9614
      1 9497
      1 9447
      1 9340
      1 9151
      1 9051
      1 8987
      1 8895
      1 8894
      1 8880
      1 8872
      1 8871
      1 8777
      1 8751
      1 8717
      1 8642
      1 8487
      1 8427
      1 8325
      1 8303
      1 8148
      1 8118
      1 8070
      1 8060
      1 8030
      1 8020
      1 8019
      1 7707
      1 7664
      1 7624
      1 7557
      1 7511
      1 7488
      1 7193
      1 7085
      1 7070
      1 7025
      1 7002
      1 6955
      1 6900
      1 6839
      1 6832
      1 6727
      1 67
      1 6639
      1 64676
      1 64664
      1 64226
      1 6419
      1 64028
      1 63556
      1 6350
      1 63468
      1 6334
      1 62538
      1 62375
      1 62098
      1 61992
      1 6181
      1 61163
      1 6060
      1 60023
      1 60000
      1 6000
      1 59898
      1 59876
      1 5982
      1 5981
      1 5980
      1 5978
      1 5976
      1 5974
      1 5973
      1 5971
      1 59467
      1 59454
      1 5925
      1 5920
      1 5915
      1 5911
      1 5908
      1 58926
      1 58640
      1 58455
      1 5800
      1 5797
      1 57922
      1 57891
      1 5776
      1 57123
      1 56964
      1 56793
      1 5667
      1 5666
      1 5663
      1 5637
      1 5635
      1 56091
      1 55872
      1 5575
      1 5574
      1 5548
      1 5539
      1 55307
      1 5500
      1 54700
      1 54460
      1 54403
      1 5305
      1 53047
      1 52833
      1 52300
      1 5222
      1 51644
      1 51431
      1 5139
      1 51378
      1 51340
      1 5110
      1 5107
      1 51067
      1 5090
      1 50809
      1 5076
      1 5075
      1 5074
      1 5073
      1 5072
      1 5071
      1 5066
      1 50087
      1 50024
      1 5
      1 49658
      1 49584
      1 49293
      1 49153
      1 48989
      1 48828
      1 4800
      1 47661
      1 46975
      1 46942
      1 4658
      1 46379
      1 46318
      1 46288
      1 45901
      1 45589
      1 455
      1 45477
      1 45013
      1 4489
      1 44552
      1 4445
      1 4443
      1 4433
      1 43623
      1 42987
      1 42899
      1 42752
      1 42601
      1 42584
      1 42557
      1 42403
      1 41306
      1 41292
      1 41061
      1 40522
      1 4044
      1 39990
      1 39773
      1 39729
      1 38585
      1 38521
      1 38237
      1 38034
      1 37298
      1 36673
      1 36494
      1 36226
      1 36095
      1 36000
      1 3569
      1 35056
      1 34749
      1 34029
      1 3394
      1 3392
      1 3388
      1 33523
      1 33488
      1 33486
      1 33478
      1 33477
      1 33476
      1 33474
      1 33472
      1 33471
      1 33470
      1 33465
      1 32727
      1 3267
      1 32095
      1 3129
      1 31288
      1 30796
      1 30082
      1 30064
      1 29336
      1 29071
      1 28923
      1 28850
      1 2853
      1 28416
      1 28099
      1 27914
      1 2745
      1 27291
      1 2721
      1 2705
      1 2701
      1 26798
      1 26380
      1 26345
      1 26120
      1 2589
      1 25527
      1 25423
      1 24635
      1 2454
      1 23595
      1 2314
      1 2289
      1 22490
      1 21653
      1 2087
      1 20708
      1 20461
      1 199
      1 19133
      1 18927
      1 18186
      1 17505
      1 16917
      1 1688
      1 16352
      1 16345
      1 16001
      1 15391
      1 15382
      1 1536
      1 15289
      1 15194
      1 15060
      1 14847
      1 14807
      1 14605
      1 14514
      1 136
      1 13544
      1 1328
      1 1327
      1 13203
      1 130
      1 12962
      1 127
      1 12000
      1 11904
      1 1189
      1 11792
      1 1158
      1 113
      1 11232
      1 11211
      1 111
      1 1100
      1 1099
      1 10576
      1 10267
      1 1024
      1 1
